#INFOFILE1.1 - Do not remove this line!
FileIdent = IPGRoad 9.0
FileCreator = CarMaker 9.0
LibVersion = 9.0
Country = DEU DEU
nLinks = 1
nJunctions = 0
nObjects = 74
nRoutes = 3
RoadNetworkLength = 500
BBox = -45.6962264364941 510 -47.2494171991451 34.6506778264911 -11 11
Route.0.Length = 500
Route.1.Length = 500
Route.2.Length = 500
RST.Unit = kmh
RST = 50 100 130 30 70 30 0 -1
Movie = 0.2 1 0.01 1.5 1.5 1 1
PathMode = -1
Link.0.ID = 0
Link.0.Junctions = -1 -1 -2 -1
Link.0.Node0 = 0 0 0 0
Link.0.RST = countryroad
Link.0.RL.ID = 1
Link.0.Seg.0.ID = 5
Link.0.Seg.0.Type = Straight
Link.0.Seg.0.Param = 500 0 0 0 0 0 0 0
Link.0.LaneSection.0.ID = 6
Link.0.LaneSection.0.Start = 0
Link.0.LaneSection.0.LaneL.0.ID = 18
Link.0.LaneSection.0.LaneL.0 = 0 1 1 4 0 0 0
Link.0.LaneSection.0.LaneL.0.ARP = 21 22 23 24 25 26
Link.0.LaneSection.0.LaneL.1.ID = 28
Link.0.LaneSection.0.LaneL.1 = 0 2.5 2.5 5 0 0 0
Link.0.LaneSection.0.LaneR.0.ID = 17
Link.0.LaneSection.0.LaneR.0 = 0 3.5 3.5 0 0 0 0
Link.0.LaneSection.0.LaneR.0.ARP = 58 59 60 61 62 63
Link.0.LaneSection.0.LaneR.1.ID = 7
Link.0.LaneSection.0.LaneR.1 = 0 3.5 3.5 0 0 0 0
Link.0.LaneSection.0.LaneR.1.ARP = 10 11 12 13 14 15
Link.0.LaneSection.0.LaneR.2.ID = 31
Link.0.LaneSection.0.LaneR.2 = 0 3.5 3.5 0 0 0 0
Link.0.LaneSection.0.LaneR.2.ARP = 34 35 36 37 38 39
Link.0.LaneSection.0.LaneR.3.ID = 42
Link.0.LaneSection.0.LaneR.3 = 0 1 1 4 0 0 0
Link.0.LaneSection.0.LaneR.3.ARP = 45 46 47 48 49 50
Link.0.LaneSection.0.LaneR.4.ID = 52
Link.0.LaneSection.0.LaneR.4 = 0 2.5 2.5 5 0 0 0
LanePath.0 = 16 7 2 10 0.1 0.1
LanePath.1 = 27 18 0.25 10 0.1 0.1
LanePath.2 = 40 31 2 10 0.1 0.1
LanePath.3 = 51 42 0.25 10 0.1 0.1
LanePath.4 = 64 17 2 10 0.1 0.1
Route.0.ID = 2
Route.0.Name = Route_0
Route.0.DrvPath.ID = 3
Route.0.DrvPath:
	64
Route.1.ID = 4
Route.1.Name = Route_1
Route.1.DrvPath.ID = 8
Route.1.DrvPath:
	16
Route.2.ID = 9
Route.2.Name = Route_2
Route.2.DrvPath.ID = 19
Route.2.DrvPath:
	40
RL.1.RoadMarking.0.ID = 66 7
RL.1.RoadMarking.0 = 0 0 0 1 0 -1 0.15 0 2 0 0 2 4 1 1 0 ""
RL.1.RoadMarking.0.Material.0 = 1.0,1.0,1.0 0 0 0 0 0 0 0 0 0 0 0
RL.1.RoadMarking.1.ID = 65 17
RL.1.RoadMarking.1 = 0 0 0 1 0 -1 0.15 0 2 0 0 2 4 1 1 0 ""
RL.1.RoadMarking.1.Material.0 = 1.0,1.0,1.0 0 0 0 0 0 0 0 0 0 0 0
RL.1.RoadMarking.2.ID = 55 6
RL.1.RoadMarking.2 = 0 0 0 1 0 0 0.15 0 1 0 0 0 0 1 1 0 ""
RL.1.RoadMarking.2.Material.0 = 1.0,1.0,1.0 0 0 0 0 0 0 0 0 0 0 0
RL.1.RoadMarking.3.ID = 41 31
RL.1.RoadMarking.3 = 0 0 0 1 0 -1 0.15 0 1 0 0 2 4 1 1 0 ""
RL.1.RoadMarking.3.Material.0 = 1.0,1.0,1.0 0 0 0 0 0 0 0 0 0 0 0
RL.1.TrafficBarrier.0.ID = 67 18
RL.1.TrafficBarrier.0 = 0 0 0 1 0 1 0.155 0.75 1 0 3 1 1 0 2 0 0
MaxUsedObjId = 67
